0 0.54453125 0.8729946524064172 0.1171875 0.2540106951871658
3 0.5484375 0.6550802139037433 0.0875 0.15775401069518716
3 0.65625 0.7941176470588235 0.1234375 0.17379679144385027
4 0.43046875 0.9077540106951871 0.0921875 0.18449197860962566
4 0.634375 0.5935828877005348 0.046875 0.13101604278074866
4 0.184375 0.8155080213903744 0.05625 0.20053475935828877
2 0.421875 0.33689839572192515 0.09375 0.20053475935828877
5 0.9296875 0.45989304812834225 0.1375 0.20053475935828877
5 0.6109375 0.4117647058823529 0.1078125 0.18716577540106952
0 0.5078125 0.49732620320855614 0.0640625 0.13101604278074866
0 0.80625 0.7620320855614974 0.1125 0.22459893048128343
1 0.3078125 0.910427807486631 0.053125 0.17914438502673796