3 0.76875 0.8779761904761905 0.165625 0.24107142857142858
0 0.3625 0.8988095238095238 0.1125 0.19940476190476192
2 0.2375 0.5922619047619048 0.18125 0.3392857142857143
1 0.4328125 0.8125 0.0546875 0.22321428571428573
2 0.33125 0.24702380952380953 0.1078125 0.16666666666666666
2 0.3859375 0.14285714285714285 0.0828125 0.14285714285714285
3 0.8359375 0.3244047619047619 0.0875 0.15178571428571427
3 0.8859375 0.18154761904761904 0.0546875 0.10119047619047619
3 0.828125 0.1875 0.053125 0.09523809523809523
3 0.684375 0.6755952380952381 0.1078125 0.2261904761904762
3 0.665625 0.5416666666666666 0.1046875 0.19047619047619047
5 0.4296875 0.5863095238095238 0.103125 0.2113095238095238