1 0.4109375 0.7435064935064936 0.115625 0.21753246753246752
1 0.3578125 0.32142857142857145 0.0546875 0.1038961038961039
2 0.1265625 0.6396103896103896 0.2484375 0.3051948051948052
5 0.265625 0.8977272727272727 0.29375 0.20454545454545456
5 0.203125 0.2662337662337662 0.1171875 0.1590909090909091
3 0.3296875 0.16883116883116883 0.140625 0.1266233766233766
3 0.575 0.5194805194805194 0.1046875 0.18506493506493507
3 0.79140625 0.8912337662337663 0.1421875 0.21753246753246752
0 0.6671875 0.6818181818181818 0.1234375 0.2792207792207792
0 0.9078125 0.762987012987013 0.1484375 0.2662337662337662
0 0.2890625 0.4805194805194805 0.1375 0.1331168831168831