0 0.55390625 0.8955399061032864 0.1390625 0.20892018779342722
1 0.4421875 0.9166666666666666 0.075 0.16666666666666666
3 0.8734375 0.9119718309859155 0.253125 0.176056338028169
3 0.309375 0.9143192488262911 0.171875 0.17136150234741784
3 0.6765625 0.7370892018779343 0.1765625 0.16901408450704225
2 0.1671875 0.19248826291079812 0.125 0.1784037558685446
3 0.4765625 0.6924882629107981 0.14375 0.18309859154929578
3 0.7921875 0.6150234741784038 0.146875 0.1572769953051643
2 0.8203125 0.25821596244131456 0.1484375 0.18309859154929578
3 0.259375 0.5774647887323944 0.11875 0.11032863849765258
3 0.4421875 0.4953051643192488 0.1203125 0.13615023474178403
3 0.50625 0.3145539906103286 0.0734375 0.107981220657277
3 0.625 0.460093896713615 0.1015625 0.13145539906103287