0 0.340625 0.8624708624708625 0.1125 0.1351981351981352
0 0.80625 0.7808857808857809 0.09375 0.17016317016317017
3 0.1375 0.9207459207459208 0.15625 0.1585081585081585
3 0.6046875 0.9300699300699301 0.1484375 0.1351981351981352
3 0.88125 0.9184149184149184 0.1328125 0.16083916083916083
3 0.3078125 0.6153846153846154 0.096875 0.10722610722610723
5 0.4015625 0.6433566433566433 0.0984375 0.1351981351981352
5 0.646875 0.5454545454545454 0.0828125 0.10023310023310024
3 0.9234375 0.7202797202797203 0.109375 0.1048951048951049
3 0.24375 0.7482517482517482 0.1015625 0.13053613053613053
3 0.709375 0.8648018648018648 0.2 0.1655011655011655